,tokenization time,inference time,total inf time
0,0.01628357172012329,0.2933994233608246,391.8339079916477
1,0.014628730714321136,0.2781993895769119,391.8339079916477
2,0.01732736825942993,0.3169202208518982,391.8339079916477
3,0.015270762145519257,0.27559249848127365,391.8339079916477
4,0.017024166882038116,0.3318246603012085,391.8339079916477
5,0.01595199853181839,0.4129834249615669,391.8339079916477
6,0.01781345158815384,0.3880676031112671,391.8339079916477
7,0.018192775547504425,0.4468747228384018,391.8339079916477
8,0.016823284327983856,0.3404454216361046,391.8339079916477
9,0.015873081982135773,0.3177236169576645,391.8339079916477
10,0.013806544244289398,0.2381029725074768,391.8339079916477
11,0.014535866677761078,0.2570309117436409,391.8339079916477
12,0.012669794261455536,0.23811208456754684,391.8339079916477
13,0.01867375522851944,0.4395318105816841,391.8339079916477
14,0.012281574308872223,0.21040954440832138,391.8339079916477
15,0.015752054750919342,0.29946931451559067,391.8339079916477
16,0.014592580497264862,0.25559061765670776,391.8339079916477
17,0.015425406396389008,0.2843054533004761,391.8339079916477
18,0.015855960547924042,0.3113252893090248,391.8339079916477
19,0.0134572833776474,0.2498716115951538,391.8339079916477
20,0.013847798109054565,0.24211782962083817,391.8339079916477
21,0.014297835528850555,0.2842927798628807,391.8339079916477
22,0.01569449156522751,0.3211557939648628,391.8339079916477
23,0.019866548478603363,0.42884598672389984,391.8339079916477
24,0.013459883630275726,0.24417034536600113,391.8339079916477
25,0.015190571546554565,0.30513210594654083,391.8339079916477
26,0.012810073792934418,0.24879831820726395,391.8339079916477
27,0.013134025037288666,0.24126055091619492,391.8339079916477
28,0.014076419174671173,0.29536009579896927,391.8339079916477
29,0.014071211218833923,0.24433983862400055,391.8339079916477
30,0.013285636901855469,0.23431862890720367,391.8339079916477
31,0.02090314030647278,0.5256683006882668,391.8339079916477
32,0.01581767201423645,0.36944684386253357,391.8339079916477
33,0.02425389736890793,0.7015427947044373,391.8339079916477
34,0.02099117636680603,0.4497341737151146,391.8339079916477
35,0.01749706268310547,0.3580906316637993,391.8339079916477
36,0.020754307508468628,0.3568236157298088,391.8339079916477
37,0.01674404740333557,0.2957298159599304,391.8339079916477
38,0.015519045293331146,0.2964673191308975,391.8339079916477
39,0.017194785177707672,0.3372761011123657,391.8339079916477
40,0.026219137012958527,0.2709354907274246,391.8339079916477
41,0.016852639615535736,0.33781491965055466,391.8339079916477
42,0.014465168118476868,0.25038086622953415,391.8339079916477
43,0.014650598168373108,0.26407209783792496,391.8339079916477
44,0.014428205788135529,0.25699517130851746,391.8339079916477
45,0.014650054275989532,0.2514147460460663,391.8339079916477
46,0.012491010129451752,0.21766939759254456,391.8339079916477
47,0.012309201061725616,0.2160521075129509,391.8339079916477
48,0.013005681335926056,0.2422644942998886,391.8339079916477
49,0.01713743805885315,0.5080326423048973,391.8339079916477
50,0.013301663100719452,0.26666033267974854,391.8339079916477
51,0.013983115553855896,0.2840545326471329,391.8339079916477
52,0.01431942731142044,0.2337573543190956,391.8339079916477
53,0.01697373390197754,0.25038527697324753,391.8339079916477
54,0.01406630128622055,0.24346087127923965,391.8339079916477
55,0.018673524260520935,0.35840698331594467,391.8339079916477
56,0.014836065471172333,0.2817080244421959,391.8339079916477
57,0.01537264883518219,0.31623251736164093,391.8339079916477
58,0.0198327898979187,0.4507995694875717,391.8339079916477
59,0.013624913990497589,0.2279023975133896,391.8339079916477
60,0.019101440906524658,0.3055385872721672,391.8339079916477
61,0.017959028482437134,0.3182844892144203,391.8339079916477
62,0.015109993517398834,0.24457001686096191,391.8339079916477
63,0.020401373505592346,0.33944474905729294,391.8339079916477
64,0.015771932899951935,0.3024129718542099,391.8339079916477
65,0.016170233488082886,0.33188217878341675,391.8339079916477
66,0.017108671367168427,0.3667302429676056,391.8339079916477
67,0.016200967133045197,0.3195441886782646,391.8339079916477
68,0.014586403965950012,0.22682087868452072,391.8339079916477
69,0.011517293751239777,0.20612550526857376,391.8339079916477
70,0.015922188758850098,0.24129758775234222,391.8339079916477
71,0.01490551233291626,0.2709632143378258,391.8339079916477
72,0.01628405600786209,0.29750408232212067,391.8339079916477
73,0.013666830956935883,0.21070027351379395,391.8339079916477
74,0.012947216629981995,0.22431886941194534,391.8339079916477
75,0.01644749939441681,0.3167444095015526,391.8339079916477
76,0.01807870715856552,0.34071145206689835,391.8339079916477
77,0.014707662165164948,0.28533390164375305,391.8339079916477
78,0.012046419084072113,0.21081208437681198,391.8339079916477
79,0.015573658049106598,0.2601892799139023,391.8339079916477
80,0.24960141628980637,0.28643012046813965,391.8339079916477
81,0.01368558406829834,0.23666976392269135,391.8339079916477
82,0.014252230525016785,0.24662348628044128,391.8339079916477
83,0.020289570093154907,0.46199197322130203,391.8339079916477
84,0.014588959515094757,0.2672688290476799,391.8339079916477
85,0.017317064106464386,0.3144836127758026,391.8339079916477
86,0.01907656341791153,0.4068692997097969,391.8339079916477
87,0.015365533530712128,0.3304743841290474,391.8339079916477
88,0.013680756092071533,0.22524747997522354,391.8339079916477
89,0.015999220311641693,0.35757027566432953,391.8339079916477
90,0.018128469586372375,0.4151458889245987,391.8339079916477
91,0.012351207435131073,0.22061125189065933,391.8339079916477
92,0.024547256529331207,0.9526314735412598,391.8339079916477
93,0.014128446578979492,0.24360138922929764,391.8339079916477
94,0.029575496912002563,0.2638853192329407,391.8339079916477
95,0.01525716483592987,0.29716458916664124,391.8339079916477
96,0.013820543885231018,0.23768380284309387,391.8339079916477
97,0.013144999742507935,0.22788195312023163,391.8339079916477
98,0.014177806675434113,0.2575538158416748,391.8339079916477
99,0.017119847238063812,0.2946382313966751,391.8339079916477
100,0.025383010506629944,0.31884898990392685,391.8339079916477
101,0.015904664993286133,0.27264774590730667,391.8339079916477
102,0.021017231047153473,0.4418114125728607,391.8339079916477
103,0.013929523527622223,0.20786700397729874,391.8339079916477
104,0.016634739935398102,0.30879154801368713,391.8339079916477
105,0.014115005731582642,0.26827461272478104,391.8339079916477
106,0.017171941697597504,0.3082514554262161,391.8339079916477
107,0.014991343021392822,0.28651852160692215,391.8339079916477
108,0.01335635781288147,0.3348478227853775,391.8339079916477
109,0.01615200936794281,0.27960311621427536,391.8339079916477
110,0.01658298820257187,0.28997761756181717,391.8339079916477
111,0.0156538188457489,0.2593713253736496,391.8339079916477
112,0.01948491483926773,0.43526746332645416,391.8339079916477
113,0.015594832599163055,0.3167317360639572,391.8339079916477
114,0.017894960939884186,0.36129921674728394,391.8339079916477
115,0.0200224369764328,0.43094928562641144,391.8339079916477
116,0.014789789915084839,0.27582988888025284,391.8339079916477
117,0.01874615252017975,0.37576552480459213,391.8339079916477
118,0.013716861605644226,0.23999428004026413,391.8339079916477
119,0.014548838138580322,0.27190303802490234,391.8339079916477
120,0.016921043395996094,0.2972370386123657,391.8339079916477
121,0.017882339656352997,0.36561957746744156,391.8339079916477
122,0.01656385511159897,0.2923928275704384,391.8339079916477
123,0.017816372215747833,0.3643910363316536,391.8339079916477
124,0.012853547930717468,0.23328480869531631,391.8339079916477
125,0.012694083154201508,0.24609775841236115,391.8339079916477
126,0.012864910066127777,0.22969111800193787,391.8339079916477
127,0.012330494821071625,0.21901659667491913,391.8339079916477
128,0.01615338772535324,0.33967915177345276,391.8339079916477
129,0.013210654258728027,0.22936341911554337,391.8339079916477
130,0.013430856168270111,0.23586693406105042,391.8339079916477
131,0.011771872639656067,0.21039170771837234,391.8339079916477
132,0.02242312580347061,0.20490802079439163,391.8339079916477
133,0.014305569231510162,0.2539497837424278,391.8339079916477
134,0.020978271961212158,0.3106296733021736,391.8339079916477
135,0.015782438218593597,0.27573535591363907,391.8339079916477
136,0.015024542808532715,0.2963326573371887,391.8339079916477
137,0.016511350870132446,0.3095553144812584,391.8339079916477
138,0.018739737570285797,0.37719954550266266,391.8339079916477
139,0.01338619738817215,0.24983450770378113,391.8339079916477
140,0.017448581755161285,0.3142566531896591,391.8339079916477
141,0.01794472336769104,0.3122304230928421,391.8339079916477
142,0.02412422001361847,0.4523947089910507,391.8339079916477
143,0.3722349479794502,0.47397249191999435,391.8339079916477
144,0.014221161603927612,0.23663128167390823,391.8339079916477
145,0.016916722059249878,0.3326638787984848,391.8339079916477
146,0.015336424112319946,0.29657160490751266,391.8339079916477
147,0.012122854590415955,0.201127789914608,391.8339079916477
148,0.01689935475587845,0.3212262988090515,391.8339079916477
149,0.015151746571063995,0.2548582926392555,391.8339079916477
150,0.015142098069190979,0.24940088391304016,391.8339079916477
151,0.017905116081237793,0.3654525801539421,391.8339079916477
152,0.015265889465808868,0.2740572616457939,391.8339079916477
153,0.015859119594097137,0.3106367588043213,391.8339079916477
154,0.014816321432590485,0.2932630106806755,391.8339079916477
155,0.013755343854427338,0.23760517686605453,391.8339079916477
156,0.016224592924118042,0.30934659391641617,391.8339079916477
157,0.015536226332187653,0.28438208252191544,391.8339079916477
158,0.012170888483524323,0.18760056048631668,391.8339079916477
159,0.011235736310482025,0.19724663347005844,391.8339079916477
160,0.01448647677898407,0.2582625225186348,391.8339079916477
161,0.01397915929555893,0.23846890032291412,391.8339079916477
162,0.017306581139564514,0.31049466878175735,391.8339079916477
163,0.020465582609176636,0.4188477247953415,391.8339079916477
164,0.020413540303707123,0.4538261815905571,391.8339079916477
165,0.013891622424125671,0.2650715187191963,391.8339079916477
166,0.0285617858171463,0.7712714970111847,391.8339079916477
167,0.01462574303150177,0.26484396308660507,391.8339079916477
168,0.011131122708320618,0.18947769701480865,391.8339079916477
169,0.018090486526489258,0.33705388754606247,391.8339079916477
170,0.0163998082280159,0.3055502846837044,391.8339079916477
171,0.017628394067287445,0.4615180045366287,391.8339079916477
172,0.012954100966453552,0.2453058734536171,391.8339079916477
173,0.018112659454345703,0.3377760872244835,391.8339079916477
174,0.013599619269371033,0.23368755728006363,391.8339079916477
175,0.013596855103969574,0.23031771928071976,391.8339079916477
176,0.011086881160736084,0.16884449869394302,391.8339079916477
177,0.01591472327709198,0.30056559294462204,391.8339079916477
178,0.018818698823451996,0.31022295355796814,391.8339079916477
179,0.01749444007873535,0.31781405210494995,391.8339079916477
180,0.014911957085132599,0.2907935753464699,391.8339079916477
181,0.015655703842639923,0.2681555971503258,391.8339079916477
182,0.014104947447776794,0.2367767170071602,391.8339079916477
183,0.015551634132862091,0.28039927780628204,391.8339079916477
184,0.016114629805088043,0.3221367299556732,391.8339079916477
185,0.020037353038787842,0.446854792535305,391.8339079916477
186,0.014606229960918427,0.27476153522729874,391.8339079916477
187,0.013963058590888977,0.26459840685129166,391.8339079916477
188,0.013492576777935028,0.21315180510282516,391.8339079916477
189,0.0176500603556633,0.3843984752893448,391.8339079916477
190,0.017840050160884857,0.3263188749551773,391.8339079916477
191,0.016661182045936584,0.2699812799692154,391.8339079916477
192,0.016607336699962616,0.32535580545663834,391.8339079916477
193,0.016012296080589294,0.273037388920784,391.8339079916477
194,0.014099135994911194,0.22764289379119873,391.8339079916477
195,0.016176484525203705,0.30866776406764984,391.8339079916477
196,0.01882225275039673,0.39789586514234543,391.8339079916477
197,0.02189033478498459,0.5570200234651566,391.8339079916477
198,0.017500773072242737,0.3479094132781029,391.8339079916477
199,0.016685105860233307,0.3002774864435196,391.8339079916477
200,0.0183136984705925,0.4236993044614792,391.8339079916477
201,0.021821975708007812,0.2922804430127144,391.8339079916477
202,0.014300115406513214,0.22106927633285522,391.8339079916477
203,0.01601199060678482,0.3202133923768997,391.8339079916477
204,0.012395843863487244,0.21574614197015762,391.8339079916477
205,0.016922131180763245,0.34011712670326233,391.8339079916477
206,0.01771504431962967,0.34941740334033966,391.8339079916477
207,0.015854015946388245,0.3039867430925369,391.8339079916477
208,0.014055371284484863,0.24086648970842361,391.8339079916477
209,0.012804418802261353,0.2111651971936226,391.8339079916477
210,0.01628318428993225,0.30131279677152634,391.8339079916477
211,0.01596398651599884,0.3036712110042572,391.8339079916477
212,0.01884809136390686,0.4084564596414566,391.8339079916477
213,0.017451003193855286,0.3553971126675606,391.8339079916477
214,0.017619408667087555,0.38611751794815063,391.8339079916477
215,0.014973729848861694,0.2754318341612816,391.8339079916477
216,0.24124117195606232,0.1583881750702858,391.8339079916477
217,0.019457712769508362,0.41049226373434067,391.8339079916477
218,0.01576141268014908,0.31535565108060837,391.8339079916477
219,0.01606055349111557,0.28596949577331543,391.8339079916477
220,0.01722639799118042,0.3540949895977974,391.8339079916477
221,0.01478683203458786,0.28244831413030624,391.8339079916477
222,0.018365561962127686,0.3969940021634102,391.8339079916477
223,0.017158471047878265,0.3298279270529747,391.8339079916477
224,0.017448507249355316,0.35966669768095016,391.8339079916477
225,0.017274975776672363,0.2814691439270973,391.8339079916477
226,0.014568284153938293,0.270767942070961,391.8339079916477
227,0.012078769505023956,0.18591219186782837,391.8339079916477
228,0.016511067748069763,0.26127853244543076,391.8339079916477
229,0.014831840991973877,0.3332594037055969,391.8339079916477
230,0.01210155338048935,0.20648998022079468,391.8339079916477
231,0.01912575215101242,0.3668006584048271,391.8339079916477
232,0.014536932110786438,0.2739318758249283,391.8339079916477
233,0.018564581871032715,0.3366245925426483,391.8339079916477
234,0.018861569464206696,0.506903663277626,391.8339079916477
235,0.019107796251773834,0.3887850418686867,391.8339079916477
236,0.022510990500450134,0.4640568718314171,391.8339079916477
237,0.018519684672355652,0.3664841130375862,391.8339079916477
238,0.022878743708133698,0.5260602384805679,391.8339079916477
239,0.01405584067106247,0.2353639230132103,391.8339079916477
240,0.01639597862958908,0.29477789998054504,391.8339079916477
241,0.015867069363594055,0.2783581167459488,391.8339079916477
242,0.019409582018852234,0.4066254273056984,391.8339079916477
243,0.014413014054298401,0.272563599050045,391.8339079916477
244,0.014538638293743134,0.32264597713947296,391.8339079916477
245,0.019950956106185913,0.4663051590323448,391.8339079916477
246,0.019106127321720123,0.40260324627161026,391.8339079916477
247,0.01892680674791336,0.402804434299469,391.8339079916477
248,0.015700772404670715,0.3144887238740921,391.8339079916477
249,0.014151081442832947,0.24868622422218323,391.8339079916477
250,0.014208219945430756,0.2641851454973221,391.8339079916477
251,0.017413534224033356,0.35781019926071167,391.8339079916477
252,0.01653330773115158,0.3510870561003685,391.8339079916477
253,0.015582829713821411,0.2851063311100006,391.8339079916477
254,0.017646387219429016,0.3476625233888626,391.8339079916477
255,0.015862755477428436,0.29544927179813385,391.8339079916477
256,0.018703721463680267,0.41841020435094833,391.8339079916477
257,0.01395302265882492,0.21831036359071732,391.8339079916477
258,0.014485441148281097,0.2511156052350998,391.8339079916477
259,0.015022031962871552,0.28444135934114456,391.8339079916477
260,0.013937965035438538,0.23013009876012802,391.8339079916477
261,0.01877712458372116,0.3019382059574127,391.8339079916477
262,0.01813049614429474,0.35322318971157074,391.8339079916477
263,0.016045577824115753,0.2729485556483269,391.8339079916477
264,0.01473652571439743,0.24816543608903885,391.8339079916477
265,0.01255723088979721,0.22508618980646133,391.8339079916477
266,0.015546754002571106,0.3035009428858757,391.8339079916477
267,0.018532074987888336,0.36109643429517746,391.8339079916477
268,0.012841366231441498,0.21909697353839874,391.8339079916477
269,0.014269836246967316,0.3003566265106201,391.8339079916477
270,0.01287531852722168,0.22815828770399094,391.8339079916477
271,0.012885786592960358,0.22522123903036118,391.8339079916477
272,0.01584218442440033,0.358120359480381,391.8339079916477
273,0.019414260983467102,0.4714774638414383,391.8339079916477
274,0.017855212092399597,0.32023776322603226,391.8339079916477
275,0.02246120572090149,0.528244249522686,391.8339079916477
276,0.021946974098682404,0.4939993768930435,391.8339079916477
277,0.014502361416816711,0.29872404783964157,391.8339079916477
278,0.016187183558940887,0.3188602179288864,391.8339079916477
279,0.014686040580272675,0.25405118614435196,391.8339079916477
280,0.01610146462917328,0.33074190467596054,391.8339079916477
281,0.015369296073913574,0.29152411222457886,391.8339079916477
282,0.01581433415412903,0.26528264582157135,391.8339079916477
283,0.01535971462726593,0.30834129452705383,391.8339079916477
284,0.01790662109851837,0.3560323268175125,391.8339079916477
285,0.01994887739419937,0.49132702499628067,391.8339079916477
286,0.01760467141866684,0.3788149207830429,391.8339079916477
287,0.015966549515724182,0.2964341640472412,391.8339079916477
288,0.017901428043842316,0.35760070383548737,391.8339079916477
289,0.19177891314029694,0.280525766313076,391.8339079916477
290,0.016882479190826416,0.3629664406180382,391.8339079916477
291,0.017015695571899414,0.3423006981611252,391.8339079916477
292,0.017040446400642395,0.3559235483407974,391.8339079916477
293,0.014961212873458862,0.3075173422694206,391.8339079916477
294,0.015452437102794647,0.24910349398851395,391.8339079916477
295,0.02050008624792099,0.43402082473039627,391.8339079916477
296,0.017146125435829163,0.36392543464899063,391.8339079916477
297,0.014706000685691833,0.24757865816354752,391.8339079916477
298,0.019978143274784088,0.4582912176847458,391.8339079916477
299,0.01801735907793045,0.3868740424513817,391.8339079916477
300,0.014420554041862488,0.23568996787071228,391.8339079916477
301,0.012631647288799286,0.21004413068294525,391.8339079916477
302,0.015185430645942688,0.2664669305086136,391.8339079916477
303,0.01316014677286148,0.1913190260529518,391.8339079916477
304,0.01723802089691162,0.3874780833721161,391.8339079916477
305,0.01223050057888031,0.2204156368970871,391.8339079916477
306,0.018217645585536957,0.3958393409848213,391.8339079916477
307,0.01671120524406433,0.2912420853972435,391.8339079916477
308,0.01568155735731125,0.29277322441339493,391.8339079916477
309,0.01661224663257599,0.35055000334978104,391.8339079916477
310,0.014088347554206848,0.2525876760482788,391.8339079916477
311,0.015299484133720398,0.295936681330204,391.8339079916477
312,0.014559008181095123,0.2826976999640465,391.8339079916477
313,0.01745099574327469,0.3109843507409096,391.8339079916477
314,0.01311495155096054,0.2436733990907669,391.8339079916477
315,0.014476455748081207,0.24410440027713776,391.8339079916477
316,0.014111094176769257,0.25701750814914703,391.8339079916477
317,0.013781324028968811,0.2419487163424492,391.8339079916477
318,0.012193351984024048,0.19098491221666336,391.8339079916477
319,0.01899360865354538,0.3683594763278961,391.8339079916477
320,0.013609074056148529,0.23228229582309723,391.8339079916477
321,0.013561747968196869,0.2405909299850464,391.8339079916477
322,0.021376632153987885,0.5062117427587509,391.8339079916477
323,0.013646237552165985,0.2483041062951088,391.8339079916477
324,0.01477842777967453,0.28792186081409454,391.8339079916477
325,0.021304458379745483,0.455632708966732,391.8339079916477
326,0.01509121060371399,0.27572454512119293,391.8339079916477
327,0.01589026302099228,0.29181572794914246,391.8339079916477
328,0.012039519846439362,0.2142718881368637,391.8339079916477
329,0.01936441659927368,0.3846983164548874,391.8339079916477
330,0.02213088423013687,0.4497644081711769,391.8339079916477
331,0.015601016581058502,0.30686893314123154,391.8339079916477
332,0.013927184045314789,0.2598763182759285,391.8339079916477
333,0.019278928637504578,0.3860643580555916,391.8339079916477
334,0.01850041002035141,0.3873983919620514,391.8339079916477
335,0.015385597944259644,0.24950160831212997,391.8339079916477
336,0.017248407006263733,0.31172051280736923,391.8339079916477
337,0.015956997871398926,0.30936916172504425,391.8339079916477
338,0.016782790422439575,0.3612239360809326,391.8339079916477
339,0.018887430429458618,0.3884003758430481,391.8339079916477
340,0.018489070236682892,0.32523057609796524,391.8339079916477
341,0.013543620705604553,0.2511134669184685,391.8339079916477
342,0.014999955892562866,0.26463915407657623,391.8339079916477
343,0.01610025018453598,0.32185613363981247,391.8339079916477
344,0.012051865458488464,0.22219133377075195,391.8339079916477
345,0.01569177955389023,0.2627272233366966,391.8339079916477
346,0.014165990054607391,0.25937336683273315,391.8339079916477
347,0.01720540225505829,0.3696482628583908,391.8339079916477
348,0.016424767673015594,0.3280729055404663,391.8339079916477
349,0.2024303302168846,0.2829197570681572,391.8339079916477
350,0.01637909561395645,0.3110124543309212,391.8339079916477
351,0.019566833972930908,0.4580923914909363,391.8339079916477
352,0.01685354858636856,0.35202349722385406,391.8339079916477
353,0.01918107271194458,0.5073441863059998,391.8339079916477
354,0.014501228928565979,0.26273955404758453,391.8339079916477
355,0.019479826092720032,0.409186989068985,391.8339079916477
356,0.013172097504138947,0.22538739442825317,391.8339079916477
357,0.015631742775440216,0.2768046334385872,391.8339079916477
358,0.016947895288467407,0.3362543061375618,391.8339079916477
359,0.017569169402122498,0.31984328478574753,391.8339079916477
360,0.01400069147348404,0.23990915715694427,391.8339079916477
361,0.015479601919651031,0.26485177874565125,391.8339079916477
362,0.016312532126903534,0.2892972379922867,391.8339079916477
363,0.01855379343032837,0.30914468318223953,391.8339079916477
364,0.02023056149482727,0.44277235120534897,391.8339079916477
365,0.01714661717414856,0.33554424345493317,391.8339079916477
366,0.01473238319158554,0.24084637314081192,391.8339079916477
367,0.013550229370594025,0.240033820271492,391.8339079916477
368,0.014602206647396088,0.27528925985097885,391.8339079916477
369,0.024239517748355865,0.23632153868675232,391.8339079916477
370,0.01991213858127594,0.26983486860990524,391.8339079916477
371,0.013781309127807617,0.23491530865430832,391.8339079916477
372,0.01587272435426712,0.2666824981570244,391.8339079916477
373,0.013981975615024567,0.2202921137213707,391.8339079916477
374,0.01362612098455429,0.24225840717554092,391.8339079916477
375,0.024356268346309662,0.5993434190750122,391.8339079916477
376,0.018397025763988495,0.36245234310626984,391.8339079916477
377,0.016234830021858215,0.26727475225925446,391.8339079916477
378,0.024639874696731567,0.33453044295310974,391.8339079916477
379,0.01559971272945404,0.2792515829205513,391.8339079916477
380,0.0153321772813797,0.282110758125782,391.8339079916477
381,0.0198715478181839,0.3293353095650673,391.8339079916477
382,0.02214575558900833,0.4684101268649101,391.8339079916477
383,0.019154973328113556,0.4128163978457451,391.8339079916477
384,0.030577071011066437,0.6506645530462265,391.8339079916477
385,0.01813303679227829,0.3411695659160614,391.8339079916477
386,0.01523774117231369,0.2569950073957443,391.8339079916477
387,0.012373372912406921,0.22157108783721924,391.8339079916477
388,0.012754693627357483,0.2083434984087944,391.8339079916477
389,0.014853790402412415,0.26594769954681396,391.8339079916477
390,0.016326196491718292,0.3200332075357437,391.8339079916477
391,0.01545645296573639,0.30547646433115005,391.8339079916477
392,0.01775270700454712,0.38622744381427765,391.8339079916477
393,0.017368070781230927,0.35511936247348785,391.8339079916477
394,0.012624606490135193,0.22674153745174408,391.8339079916477
395,0.016216740012168884,0.2979785203933716,391.8339079916477
396,0.018512748181819916,0.35284022241830826,391.8339079916477
397,0.013692371547222137,0.23250698298215866,391.8339079916477
398,0.016847960650920868,0.34550977498292923,391.8339079916477
399,0.013681665062904358,0.24030736088752747,391.8339079916477
400,0.012178540229797363,0.21544664353132248,391.8339079916477
401,0.015197284519672394,0.28794580698013306,391.8339079916477
402,0.020731188356876373,0.47274864464998245,391.8339079916477
403,0.014954052865505219,0.2921290621161461,391.8339079916477
404,0.015656009316444397,0.2581535503268242,391.8339079916477
405,0.016678646206855774,0.33440519869327545,391.8339079916477
406,0.014064833521842957,0.23931588232517242,391.8339079916477
407,0.013345584273338318,0.26980602741241455,391.8339079916477
408,0.01730484515428543,0.34251343458890915,391.8339079916477
409,0.01202942430973053,0.1984967142343521,391.8339079916477
410,0.01272331178188324,0.22600869834423065,391.8339079916477
411,0.015088975429534912,0.27501481771469116,391.8339079916477
412,0.016752079129219055,0.3288452699780464,391.8339079916477
413,0.012245632708072662,0.20974542200565338,391.8339079916477
414,0.01521804928779602,0.2747439742088318,391.8339079916477
415,0.014767087996006012,0.25401995331048965,391.8339079916477
416,0.012955665588378906,0.212050199508667,391.8339079916477
417,0.013808608055114746,0.24207042902708054,391.8339079916477
418,0.0129241943359375,0.21556054800748825,391.8339079916477
419,0.0144495889544487,0.25910552591085434,391.8339079916477
420,0.016190864145755768,0.33767226338386536,391.8339079916477
421,0.015446707606315613,0.2894064262509346,391.8339079916477
422,0.016290903091430664,0.3402157872915268,391.8339079916477
423,0.014201074838638306,0.2366517260670662,391.8339079916477
424,0.013302043080329895,0.21237169951200485,391.8339079916477
425,0.015544265508651733,0.28101804852485657,391.8339079916477
426,0.02080409973859787,0.5219089239835739,391.8339079916477
427,0.2667749673128128,0.2662336155772209,391.8339079916477
428,0.01941465586423874,0.3771984651684761,391.8339079916477
429,0.01847916841506958,0.372549369931221,391.8339079916477
430,0.016217760741710663,0.2920682206749916,391.8339079916477
431,0.014850981533527374,0.24510075896978378,391.8339079916477
432,0.01718553900718689,0.3521610349416733,391.8339079916477
433,0.015131160616874695,0.2816050723195076,391.8339079916477
434,0.014715932309627533,0.2528051286935806,391.8339079916477
435,0.01746440678834915,0.35583503544330597,391.8339079916477
436,0.015342704951763153,0.28737378120422363,391.8339079916477
437,0.0162118598818779,0.3140598461031914,391.8339079916477
438,0.017165452241897583,0.3563169315457344,391.8339079916477
439,0.01634690910577774,0.29124485701322556,391.8339079916477
440,0.017442703247070312,0.34901168942451477,391.8339079916477
441,0.018524155020713806,0.35439666360616684,391.8339079916477
442,0.03634439408779144,0.5707210153341293,391.8339079916477
443,0.017125636339187622,0.3100765123963356,391.8339079916477
444,0.014647744596004486,0.2204299196600914,391.8339079916477
445,0.015015795826911926,0.28642401844263077,391.8339079916477
446,0.012228868901729584,0.20641572028398514,391.8339079916477
447,0.011301510035991669,0.17407069355249405,391.8339079916477
448,0.012066595256328583,0.21866650134325027,391.8339079916477
449,0.01619039475917816,0.28672701865434647,391.8339079916477
450,0.0144706591963768,0.27850981056690216,391.8339079916477
451,0.013327419757843018,0.23235341161489487,391.8339079916477
452,0.021254807710647583,0.42527736723423004,391.8339079916477
453,0.017365746200084686,0.3499267026782036,391.8339079916477
454,0.01281110942363739,0.22691473364830017,391.8339079916477
455,0.014454841613769531,0.23227108269929886,391.8339079916477
456,0.014416240155696869,0.28170347213745117,391.8339079916477
457,0.013936623930931091,0.2603795975446701,391.8339079916477
458,0.015205517411231995,0.2565556839108467,391.8339079916477
459,0.015246093273162842,0.26028091460466385,391.8339079916477
460,0.01683294028043747,0.3370005488395691,391.8339079916477
461,0.016178414225578308,0.286112405359745,391.8339079916477
462,0.015289008617401123,0.24957069754600525,391.8339079916477
463,0.025431379675865173,0.29460684955120087,391.8339079916477
464,0.015826180577278137,0.26433945447206497,391.8339079916477
465,0.019302308559417725,0.3999699279665947,391.8339079916477
466,0.017486706376075745,0.36723264306783676,391.8339079916477
467,0.020023882389068604,0.39042190462350845,391.8339079916477
468,0.020666182041168213,0.43367110192775726,391.8339079916477
469,0.015028856694698334,0.2772751525044441,391.8339079916477
470,0.01950511336326599,0.2799534574151039,391.8339079916477
471,0.017801865935325623,0.2672106549143791,391.8339079916477
472,0.013317137956619263,0.21212731301784515,391.8339079916477
473,0.013314485549926758,0.2265242338180542,391.8339079916477
474,0.015887469053268433,0.3322562724351883,391.8339079916477
475,0.012922510504722595,0.2280765175819397,391.8339079916477
476,0.014047995209693909,0.30239254236221313,391.8339079916477
477,0.015860334038734436,0.3128906488418579,391.8339079916477
478,0.03276936709880829,0.4004230424761772,391.8339079916477
479,0.014178164303302765,0.24929983168840408,391.8339079916477
480,0.011805161833763123,0.20753780007362366,391.8339079916477
481,0.017041847109794617,0.33429424464702606,391.8339079916477
482,0.013743795454502106,0.2457302361726761,391.8339079916477
483,0.01335451751947403,0.22589419782161713,391.8339079916477
484,0.01676439493894577,0.3110879883170128,391.8339079916477
485,0.02046855539083481,0.49046676605939865,391.8339079916477
486,0.012597166001796722,0.20229119807481766,391.8339079916477
487,0.015747979283332825,0.276189461350441,391.8339079916477
488,0.018993854522705078,0.397069588303566,391.8339079916477
489,0.013642676174640656,0.24703291058540344,391.8339079916477
490,0.013841234147548676,0.23138590157032013,391.8339079916477
491,0.013957373797893524,0.2333301156759262,391.8339079916477
492,0.013576537370681763,0.22293483465909958,391.8339079916477
493,0.012580431997776031,0.23530101031064987,391.8339079916477
494,0.01615501195192337,0.30040083080530167,391.8339079916477
495,0.016164414584636688,0.2778778374195099,391.8339079916477
496,0.015217229723930359,0.3005325570702553,391.8339079916477
497,0.012973345816135406,0.2356312870979309,391.8339079916477
498,0.022088617086410522,0.4889089912176132,391.8339079916477
499,0.012868322432041168,0.20232273638248444,391.8339079916477
500,0.014989778399467468,0.26426003128290176,391.8339079916477
501,0.01509750634431839,0.2452729418873787,391.8339079916477
502,0.012929975986480713,0.2296890690922737,391.8339079916477
503,0.01378776878118515,0.24952806532382965,391.8339079916477
504,0.015814974904060364,0.31574201583862305,391.8339079916477
505,0.016154177486896515,0.25518472492694855,391.8339079916477
506,0.014009833335876465,0.22913581132888794,391.8339079916477
507,0.01289764791727066,0.2135496661067009,391.8339079916477
508,0.01675029844045639,0.330196350812912,391.8339079916477
509,0.017412178218364716,0.30894168466329575,391.8339079916477
510,0.015616439282894135,0.24597088992595673,391.8339079916477
511,0.39163967221975327,0.2500601261854172,391.8339079916477
512,0.015614263713359833,0.2742761895060539,391.8339079916477
513,0.017282895743846893,0.33328089863061905,391.8339079916477
514,0.012707434594631195,0.2046065405011177,391.8339079916477
515,0.01624079793691635,0.30506065487861633,391.8339079916477
516,0.014533646404743195,0.24063117802143097,391.8339079916477
517,0.016171827912330627,0.3039610981941223,391.8339079916477
518,0.016544967889785767,0.31700029224157333,391.8339079916477
519,0.018533430993556976,0.37637539207935333,391.8339079916477
520,0.025330282747745514,0.5999962165951729,391.8339079916477
521,0.016677439212799072,0.3430716395378113,391.8339079916477
522,0.015354074537754059,0.2431769222021103,391.8339079916477
523,0.012809187173843384,0.20537824928760529,391.8339079916477
524,0.016223818063735962,0.27801426500082016,391.8339079916477
525,0.015882663428783417,0.2794981226325035,391.8339079916477
526,0.0184902623295784,0.3545645400881767,391.8339079916477
527,0.018971949815750122,0.38227276504039764,391.8339079916477
528,0.014853999018669128,0.2608955204486847,391.8339079916477
529,0.014086499810218811,0.21588100492954254,391.8339079916477
530,0.015351399779319763,0.27167849242687225,391.8339079916477
531,0.012675434350967407,0.19965732842683792,391.8339079916477
532,0.018031157553195953,0.3730863332748413,391.8339079916477
533,0.01555892825126648,0.30183033645153046,391.8339079916477
534,0.01281961053609848,0.21842043846845627,391.8339079916477
535,0.03276171535253525,0.9925914853811264,391.8339079916477
536,0.02287507802248001,0.5815324932336807,391.8339079916477
537,0.025146380066871643,0.5982552394270897,391.8339079916477
538,0.019563525915145874,0.4198536276817322,391.8339079916477
539,0.02266843616962433,0.514207623898983,391.8339079916477
540,0.020265497267246246,0.424414299428463,391.8339079916477
541,0.013893470168113708,0.24253104627132416,391.8339079916477
542,0.014061152935028076,0.2508440241217613,391.8339079916477
543,0.011358551681041718,0.1976863443851471,391.8339079916477
544,0.0163644477725029,0.3123767822980881,391.8339079916477
545,0.018132299184799194,0.30268025398254395,391.8339079916477
546,0.014536648988723755,0.2698506936430931,391.8339079916477
547,0.011150889098644257,0.17723944783210754,391.8339079916477
548,0.017802223563194275,0.36922740191221237,391.8339079916477
549,0.013165317475795746,0.21538666635751724,391.8339079916477
550,0.010310158133506775,0.16678136587142944,391.8339079916477
551,0.01774091273546219,0.39111341536045074,391.8339079916477
552,0.01144469529390335,0.19114526361227036,391.8339079916477
553,0.015368737280368805,0.25119549036026,391.8339079916477
554,0.019574031233787537,0.3562033921480179,391.8339079916477
555,0.016055211424827576,0.3334519788622856,391.8339079916477
556,0.01728472113609314,0.37627270817756653,391.8339079916477
557,0.01494542509317398,0.29852476716041565,391.8339079916477
558,0.02143862098455429,0.44485530257225037,391.8339079916477
559,0.012887321412563324,0.2778453975915909,391.8339079916477
560,0.019393622875213623,0.47724268585443497,391.8339079916477
561,0.014678746461868286,0.2652081251144409,391.8339079916477
562,0.016575098037719727,0.3295522555708885,391.8339079916477
563,0.014112405478954315,0.2482362687587738,391.8339079916477
564,0.01790481060743332,0.38199620693922043,391.8339079916477
565,0.014928221702575684,0.2961905375123024,391.8339079916477
566,0.013984061777591705,0.295059010386467,391.8339079916477
567,0.016113877296447754,0.30658554285764694,391.8339079916477
568,0.01516173779964447,0.2728446274995804,391.8339079916477
569,0.014482229948043823,0.24644669890403748,391.8339079916477
570,0.017848104238510132,0.3579065278172493,391.8339079916477
571,0.013684913516044617,0.2681833505630493,391.8339079916477
572,0.011040911078453064,0.20759820938110352,391.8339079916477
573,0.01518402248620987,0.2804928496479988,391.8339079916477
574,0.02090653032064438,0.46474213153123856,391.8339079916477
575,0.01716175675392151,0.3654465153813362,391.8339079916477
576,0.013993442058563232,0.25823310017585754,391.8339079916477
577,0.013761408627033234,0.22081487625837326,391.8339079916477
578,0.015269681811332703,0.28746552020311356,391.8339079916477
579,0.014544397592544556,0.2413579300045967,391.8339079916477
580,0.02232024073600769,0.4671577364206314,391.8339079916477
581,0.011829189956188202,0.1926257386803627,391.8339079916477
582,0.014916494488716125,0.2910991907119751,391.8339079916477
583,0.019577793776988983,0.4210505411028862,391.8339079916477
584,0.015218481421470642,0.2744143307209015,391.8339079916477
585,0.014805793762207031,0.2878137081861496,391.8339079916477
586,0.018223650753498077,0.30335450172424316,391.8339079916477
587,0.014046259224414825,0.2472352236509323,391.8339079916477
588,0.017270445823669434,0.3845200389623642,391.8339079916477
589,0.21489427238702774,0.3026731163263321,391.8339079916477
590,0.01247888058423996,0.21371659636497498,391.8339079916477
591,0.014595679938793182,0.28200845420360565,391.8339079916477
592,0.013916842639446259,0.2537514939904213,391.8339079916477
593,0.013230808079242706,0.22768082469701767,391.8339079916477
594,0.016848109662532806,0.3681685999035835,391.8339079916477
595,0.014902591705322266,0.28038521856069565,391.8339079916477
596,0.01607954502105713,0.31791388988494873,391.8339079916477
597,0.01522538810968399,0.3083122819662094,391.8339079916477
598,0.013252265751361847,0.2436419054865837,391.8339079916477
599,0.012446627020835876,0.21666965633630753,391.8339079916477
600,0.015041843056678772,0.27514734119176865,391.8339079916477
601,0.013741277158260345,0.2537313178181648,391.8339079916477
602,0.012901589274406433,0.2268579751253128,391.8339079916477
603,0.014050580561161041,0.2649078071117401,391.8339079916477
604,0.014450132846832275,0.273454986512661,391.8339079916477
605,0.014353744685649872,0.2350393682718277,391.8339079916477
606,0.01594206690788269,0.2794133201241493,391.8339079916477
607,0.012059904634952545,0.19272851943969727,391.8339079916477
608,0.014213398098945618,0.23930636048316956,391.8339079916477
609,0.01615116000175476,0.3045083209872246,391.8339079916477
610,0.015891164541244507,0.25880805402994156,391.8339079916477
611,0.011896848678588867,0.20099792629480362,391.8339079916477
612,0.013103634119033813,0.22416344285011292,391.8339079916477
613,0.018699422478675842,0.3930637240409851,391.8339079916477
614,0.014171026647090912,0.24554355442523956,391.8339079916477
615,0.013087302446365356,0.27891329675912857,391.8339079916477
616,0.015028052031993866,0.2959006503224373,391.8339079916477
617,0.013141743838787079,0.23947248607873917,391.8339079916477
618,0.013364031910896301,0.22378604859113693,391.8339079916477
619,0.026870444416999817,0.739898294210434,391.8339079916477
620,0.016065143048763275,0.3041926845908165,391.8339079916477
621,0.02253109961748123,0.5045536160469055,391.8339079916477
622,0.014816522598266602,0.2861584424972534,391.8339079916477
623,0.012436002492904663,0.23294628411531448,391.8339079916477
624,0.012117147445678711,0.22596929222345352,391.8339079916477
625,0.01264885812997818,0.22701164335012436,391.8339079916477
626,0.01314031332731247,0.2612065002322197,391.8339079916477
627,0.01224537193775177,0.213018499314785,391.8339079916477
628,0.01504669338464737,0.267816498875618,391.8339079916477
629,0.014651238918304443,0.2551494240760803,391.8339079916477
630,0.016957618296146393,0.25237101316452026,391.8339079916477
631,0.01777416467666626,0.35288532823324203,391.8339079916477
632,0.012498326599597931,0.22033079713582993,391.8339079916477
633,0.014785833656787872,0.27161791920661926,391.8339079916477
634,0.015338823199272156,0.3003920838236809,391.8339079916477
635,0.014542527496814728,0.26964615285396576,391.8339079916477
636,0.014623761177062988,0.2856563478708267,391.8339079916477
637,0.014822840690612793,0.2458362877368927,391.8339079916477
638,0.018841005861759186,0.40012722462415695,391.8339079916477
639,0.014373205602169037,0.26086943596601486,391.8339079916477
640,0.015704311430454254,0.3143075108528137,391.8339079916477
641,0.016778185963630676,0.3678184002637863,391.8339079916477
642,0.013571538031101227,0.2266249805688858,391.8339079916477
643,0.014788836240768433,0.2540503516793251,391.8339079916477
644,0.014007434248924255,0.26097748428583145,391.8339079916477
645,0.02143941819667816,0.45928889513015747,391.8339079916477
646,0.016841083765029907,0.3161645233631134,391.8339079916477
647,0.015756361186504364,0.33262960612773895,391.8339079916477
648,0.02793276309967041,0.3018859997391701,391.8339079916477
649,0.01656831055879593,0.34340550005435944,391.8339079916477
650,0.015531249344348907,0.29291898012161255,391.8339079916477
651,0.017491988837718964,0.3602067828178406,391.8339079916477
652,0.016870416700839996,0.3163134679198265,391.8339079916477
653,0.019098646938800812,0.4101487025618553,391.8339079916477
654,0.025726445019245148,0.34278564900159836,391.8339079916477
655,0.02069057524204254,0.49203692376613617,391.8339079916477
656,0.016250431537628174,0.334247462451458,391.8339079916477
657,0.011547677218914032,0.20681574195623398,391.8339079916477
658,0.016449302434921265,0.2879253253340721,391.8339079916477
659,0.014549888670444489,0.248603954911232,391.8339079916477
660,0.016753993928432465,0.340737521648407,391.8339079916477
661,0.019706957042217255,0.39453839510679245,391.8339079916477
662,0.012955449521541595,0.24342726916074753,391.8339079916477
663,0.014153055846691132,0.2713463082909584,391.8339079916477
664,0.013482801616191864,0.2596622556447983,391.8339079916477
665,0.012326724827289581,0.21108829230070114,391.8339079916477
666,0.014539383351802826,0.2694387584924698,391.8339079916477
667,0.014771662652492523,0.3084517940878868,391.8339079916477
668,0.01536649465560913,0.27038753777742386,391.8339079916477
669,0.01510939747095108,0.2963774800300598,391.8339079916477
670,0.01828688383102417,0.3649617061018944,391.8339079916477
671,0.016435079276561737,0.32995419949293137,391.8339079916477
672,0.013767145574092865,0.23763501644134521,391.8339079916477
673,0.017878666520118713,0.3140450045466423,391.8339079916477
674,0.016193076968193054,0.3273075446486473,391.8339079916477
675,0.015049479901790619,0.275000624358654,391.8339079916477
676,0.013777278363704681,0.23760494589805603,391.8339079916477
677,0.21415534615516663,0.2577696815133095,391.8339079916477
678,0.017696991562843323,0.39287589490413666,391.8339079916477
679,0.013252794742584229,0.2315908595919609,391.8339079916477
680,0.015444859862327576,0.28248772770166397,391.8339079916477
681,0.014894731342792511,0.2946772798895836,391.8339079916477
682,0.016241803765296936,0.2731464356184006,391.8339079916477
683,0.01331232488155365,0.2255629152059555,391.8339079916477
684,0.013137444853782654,0.2191365361213684,391.8339079916477
685,0.01541358232498169,0.2777789831161499,391.8339079916477
686,0.013319969177246094,0.24850302934646606,391.8339079916477
687,0.014007888734340668,0.25728071480989456,391.8339079916477
688,0.012768171727657318,0.2412654608488083,391.8339079916477
689,0.014093071222305298,0.23847463726997375,391.8339079916477
690,0.015936635434627533,0.2918887585401535,391.8339079916477
691,0.01741112768650055,0.3659994304180145,391.8339079916477
692,0.012416385114192963,0.23494166880846024,391.8339079916477
693,0.015302538871765137,0.29960208386182785,391.8339079916477
694,0.01926359534263611,0.391897514462471,391.8339079916477
695,0.019240155816078186,0.3571704030036926,391.8339079916477
696,0.017908714711666107,0.34947168081998825,391.8339079916477
697,0.01472114771604538,0.2598980665206909,391.8339079916477
698,0.015442609786987305,0.3358493000268936,391.8339079916477
699,0.015499211847782135,0.45068543404340744,391.8339079916477
700,0.014870710670948029,0.2725583538413048,391.8339079916477
701,0.01691024750471115,0.3301555961370468,391.8339079916477
702,0.015820354223251343,0.27734818309545517,391.8339079916477
703,0.015052340924739838,0.26233378052711487,391.8339079916477
704,0.014886312186717987,0.2483186423778534,391.8339079916477
705,0.018839269876480103,0.37361620366573334,391.8339079916477
706,0.017302431166172028,0.33466891199350357,391.8339079916477
707,0.020899876952171326,0.4427371844649315,391.8339079916477
708,0.018798477947711945,0.37920205295085907,391.8339079916477
709,0.016485996544361115,0.34673796594142914,391.8339079916477
710,0.01592499017715454,0.31291133910417557,391.8339079916477
711,0.018294505774974823,0.36650510132312775,391.8339079916477
712,0.01709108054637909,0.3101961761713028,391.8339079916477
713,0.01612497866153717,0.33608929067850113,391.8339079916477
714,0.016185715794563293,0.3125440552830696,391.8339079916477
715,0.015596993267536163,0.3082647770643234,391.8339079916477
716,0.01709582656621933,0.34719955921173096,391.8339079916477
717,0.014187805354595184,0.22553402185440063,391.8339079916477
718,0.01557130366563797,0.284062884747982,391.8339079916477
719,0.016191914677619934,0.35641292482614517,391.8339079916477
720,0.015418365597724915,0.30990128219127655,391.8339079916477
721,0.01602105051279068,0.31676677614450455,391.8339079916477
722,0.017843730747699738,0.35715075582265854,391.8339079916477
723,0.014586612582206726,0.3322945237159729,391.8339079916477
724,0.019614890217781067,0.42661813646554947,391.8339079916477
725,0.01664896309375763,0.3052743747830391,391.8339079916477
726,0.019777119159698486,0.43581872433423996,391.8339079916477
727,0.014323532581329346,0.26445991545915604,391.8339079916477
728,0.0126737579703331,0.2410205453634262,391.8339079916477
729,0.013485386967658997,0.2521880939602852,391.8339079916477
730,0.015458248555660248,0.28495001047849655,391.8339079916477
731,0.014205992221832275,0.24448352307081223,391.8339079916477
732,0.016480453312397003,0.2873462438583374,391.8339079916477
733,0.012970693409442902,0.23026221245527267,391.8339079916477
734,0.015121601521968842,0.27539700269699097,391.8339079916477
735,0.0159178227186203,0.31951622664928436,391.8339079916477
736,0.01786556839942932,0.3797418922185898,391.8339079916477
737,0.012826308608055115,0.22104960680007935,391.8339079916477
738,0.018620342016220093,0.6105775386095047,391.8339079916477
739,0.01490473747253418,0.2644452303647995,391.8339079916477
740,0.014174334704875946,0.2426334023475647,391.8339079916477
741,0.018304646015167236,0.3600287511944771,391.8339079916477
742,0.018698275089263916,0.37035471200942993,391.8339079916477
743,0.015071675181388855,0.27060259878635406,391.8339079916477
744,0.015161678194999695,0.30934133380651474,391.8339079916477
745,0.036759987473487854,0.27770937979221344,391.8339079916477
746,0.017076410353183746,0.3573988750576973,391.8339079916477
747,0.014112256467342377,0.24336956441402435,391.8339079916477
748,0.013648129999637604,0.2550114318728447,391.8339079916477
749,0.01199755072593689,0.20258963108062744,391.8339079916477
750,0.014173544943332672,0.2884061709046364,391.8339079916477
751,0.013768911361694336,0.25263141095638275,391.8339079916477
752,0.012712888419628143,0.20737266540527344,391.8339079916477
753,0.018336564302444458,0.36569854617118835,391.8339079916477
754,0.013684839010238647,0.2612880989909172,391.8339079916477
755,0.01926451176404953,0.41640710830688477,391.8339079916477
756,0.015017502009868622,0.27197709679603577,391.8339079916477
757,0.01484794169664383,0.2840639799833298,391.8339079916477
758,0.013946019113063812,0.24562862515449524,391.8339079916477
759,0.011724881827831268,0.19248180091381073,391.8339079916477
760,0.019269712269306183,0.41161616891622543,391.8339079916477
761,0.012550488114356995,0.26757897436618805,391.8339079916477
762,0.012248709797859192,0.20879016816616058,391.8339079916477
763,0.016339309513568878,0.3100409433245659,391.8339079916477
764,0.25619250535964966,0.5720982253551483,391.8339079916477
765,0.016823723912239075,0.3261566609144211,391.8339079916477
766,0.013264380395412445,0.22421108931303024,391.8339079916477
767,0.01334991306066513,0.21156951785087585,391.8339079916477
768,0.013652719557285309,0.23041366040706635,391.8339079916477
769,0.017586208879947662,0.30925729125738144,391.8339079916477
770,0.01494656503200531,0.30640533566474915,391.8339079916477
771,0.0198562890291214,0.41943635046482086,391.8339079916477
772,0.01629379391670227,0.2951704189181328,391.8339079916477
773,0.014547698199748993,0.2584570571780205,391.8339079916477
774,0.015611812472343445,0.27932583540678024,391.8339079916477
775,0.01225578784942627,0.21279504895210266,391.8339079916477
776,0.0179319828748703,0.3452788218855858,391.8339079916477
777,0.018990010023117065,0.34111757576465607,391.8339079916477
778,0.01297365128993988,0.23225245624780655,391.8339079916477
779,0.012646548449993134,0.25244835019111633,391.8339079916477
780,0.016290150582790375,0.3483855128288269,391.8339079916477
781,0.015513300895690918,0.3205695301294327,391.8339079916477
782,0.016790583729743958,0.31947531551122665,391.8339079916477
783,0.014155805110931396,0.2598044201731682,391.8339079916477
784,0.014350026845932007,0.2802293449640274,391.8339079916477
785,0.015043742954730988,0.2612379789352417,391.8339079916477
786,0.015093371272087097,0.29769234359264374,391.8339079916477
787,0.03256646543741226,0.38932935893535614,391.8339079916477
788,0.018686562776565552,0.372064433991909,391.8339079916477
789,0.040841586887836456,1.2872485965490341,391.8339079916477
790,0.019879713654518127,0.3597741648554802,391.8339079916477
791,0.015164166688919067,0.2764562889933586,391.8339079916477
792,0.015524879097938538,0.305877223610878,391.8339079916477
793,0.01573963463306427,0.3138212710618973,391.8339079916477
794,0.015669025480747223,0.26066868007183075,391.8339079916477
795,0.014497429132461548,0.23342221230268478,391.8339079916477
796,0.0144481360912323,0.2422720044851303,391.8339079916477
797,0.040394075214862823,0.5291852205991745,391.8339079916477
798,0.015413530170917511,0.27043692767620087,391.8339079916477
799,0.021343030035495758,0.4883897751569748,391.8339079916477
800,0.022298559546470642,0.5419973880052567,391.8339079916477
801,0.016774341464042664,0.32018058001995087,391.8339079916477
802,0.02096869796514511,0.472324900329113,391.8339079916477
803,0.018728919327259064,0.4193170368671417,391.8339079916477
804,0.013435520231723785,0.22409438341856003,391.8339079916477
805,0.01617499440908432,0.27545271068811417,391.8339079916477
806,0.0149260014295578,0.29970109462738037,391.8339079916477
807,0.014455601572990417,0.28308455646038055,391.8339079916477
808,0.01922554522752762,0.3579414337873459,391.8339079916477
809,0.014614813029766083,0.25968267023563385,391.8339079916477
810,0.014519602060317993,0.2484695166349411,391.8339079916477
811,0.017502225935459137,0.35015928745269775,391.8339079916477
812,0.017420262098312378,0.3076978847384453,391.8339079916477
813,0.014816343784332275,0.289744071662426,391.8339079916477
814,0.01915804296731949,0.39195674657821655,391.8339079916477
815,0.013648837804794312,0.22799327224493027,391.8339079916477
816,0.014996133744716644,0.24233444780111313,391.8339079916477
817,0.016746237874031067,0.33909064531326294,391.8339079916477
818,0.01565472036600113,0.2827035263180733,391.8339079916477
819,0.01414540410041809,0.523306354880333,391.8339079916477
820,0.043633460998535156,1.483559176325798,391.8339079916477
821,0.015438288450241089,0.27279290556907654,391.8339079916477
822,0.01429208368062973,0.25406764447689056,391.8339079916477
823,0.017086058855056763,0.327058844268322,391.8339079916477
824,0.017384782433509827,0.433869443833828,391.8339079916477
825,0.014665588736534119,0.21986883878707886,391.8339079916477
826,0.015408910810947418,0.2681627497076988,391.8339079916477
827,0.01594233512878418,0.28760136663913727,391.8339079916477
828,0.019277766346931458,0.3457874059677124,391.8339079916477
829,0.015731126070022583,0.28381583094596863,391.8339079916477
830,0.011695504188537598,0.20530541986227036,391.8339079916477
831,0.015145055949687958,0.22696809470653534,391.8339079916477
832,0.01130562275648117,0.17857679724693298,391.8339079916477
833,0.015609614551067352,0.3144800215959549,391.8339079916477
834,0.017928868532180786,0.3452342823147774,391.8339079916477
835,0.013440929353237152,0.20847811549901962,391.8339079916477
836,0.01741163432598114,0.3386995866894722,391.8339079916477
837,0.017718665301799774,0.3562551215291023,391.8339079916477
838,0.017934568226337433,0.35175879299640656,391.8339079916477
839,0.013386279344558716,0.25555939227342606,391.8339079916477
840,0.016592606902122498,0.3147121071815491,391.8339079916477
841,0.015468865633010864,0.24494930356740952,391.8339079916477
842,0.01694083958864212,0.3047153502702713,391.8339079916477
843,0.018967486917972565,0.4314740523695946,391.8339079916477
844,0.016225911676883698,0.30336667597293854,391.8339079916477
845,0.0165921151638031,0.3519410490989685,391.8339079916477
846,0.022118300199508667,0.35596080124378204,391.8339079916477
847,0.017006121575832367,0.33307480067014694,391.8339079916477
848,0.01886828988790512,0.3664983808994293,391.8339079916477
849,0.014100328087806702,0.22403328865766525,391.8339079916477
850,0.30323856323957443,0.3601408004760742,391.8339079916477
851,0.016485735774040222,0.2999923303723335,391.8339079916477
852,0.018358170986175537,0.34638436138629913,391.8339079916477
853,0.011258989572525024,0.18458952754735947,391.8339079916477
854,0.018194936215877533,0.32963256537914276,391.8339079916477
855,0.017672426998615265,0.34436678886413574,391.8339079916477
856,0.015073083341121674,0.4095481112599373,391.8339079916477
857,0.02241818606853485,0.25621677935123444,391.8339079916477
858,0.017168477177619934,0.3035353720188141,391.8339079916477
859,0.015596345067024231,0.29435668885707855,391.8339079916477
860,0.014237627387046814,0.23160989582538605,391.8339079916477
861,0.013541072607040405,0.23844090849161148,391.8339079916477
862,0.017522983253002167,0.38681261986494064,391.8339079916477
863,0.015478521585464478,0.308968685567379,391.8339079916477
864,0.01282808929681778,0.21893194317817688,391.8339079916477
865,0.016632743179798126,0.3281518369913101,391.8339079916477
866,0.015108853578567505,0.23210524767637253,391.8339079916477
867,0.014738991856575012,0.2073061540722847,391.8339079916477
868,0.014575541019439697,0.2375837340950966,391.8339079916477
869,0.013690143823623657,0.22243495285511017,391.8339079916477
870,0.015727005898952484,0.308367557823658,391.8339079916477
871,0.013865970075130463,0.24313504993915558,391.8339079916477
872,0.01488390564918518,0.26416484266519547,391.8339079916477
873,0.01537187397480011,0.31245502084493637,391.8339079916477
874,0.016839049756526947,0.3196699842810631,391.8339079916477
875,0.017910107970237732,0.35910748690366745,391.8339079916477
876,0.015004932880401611,0.26707176864147186,391.8339079916477
877,0.01602184772491455,0.2790592685341835,391.8339079916477
878,0.016593746840953827,0.3299679830670357,391.8339079916477
879,0.015202336013317108,0.3019198402762413,391.8339079916477
880,0.01485394686460495,0.21632907539606094,391.8339079916477
881,0.01262471079826355,0.25447364896535873,391.8339079916477
882,0.014352485537528992,0.27358096837997437,391.8339079916477
883,0.013047590851783752,0.22692669183015823,391.8339079916477
884,0.0121568962931633,0.19517602026462555,391.8339079916477
885,0.015720412135124207,0.3306685760617256,391.8339079916477
886,0.01882372796535492,0.3985988721251488,391.8339079916477
887,0.014188267290592194,0.23984113335609436,391.8339079916477
888,0.016095399856567383,0.3178238049149513,391.8339079916477
889,0.01563325524330139,0.2546798959374428,391.8339079916477
890,0.014880843460559845,0.24664875119924545,391.8339079916477
891,0.011647962033748627,0.19388315081596375,391.8339079916477
892,0.018466226756572723,0.3269900903105736,391.8339079916477
893,0.015296459197998047,0.2860594689846039,391.8339079916477
894,0.015917740762233734,0.4715389013290405,391.8339079916477
895,0.020855896174907684,0.3529525101184845,391.8339079916477
896,0.01469709724187851,0.22794140130281448,391.8339079916477
897,0.01496366411447525,0.2643396332859993,391.8339079916477
898,0.019948631525039673,0.3624480962753296,391.8339079916477
899,0.019183091819286346,0.4261902868747711,391.8339079916477
900,0.01394575834274292,0.24802850931882858,391.8339079916477
901,0.017767474055290222,0.33855367451906204,391.8339079916477
902,0.01566552370786667,0.2809050977230072,391.8339079916477
903,0.014983989298343658,0.31424660980701447,391.8339079916477
904,0.013763763010501862,0.22321251034736633,391.8339079916477
905,0.017342619597911835,0.30753887444734573,391.8339079916477
906,0.014838434755802155,0.27746595442295074,391.8339079916477
907,0.015921100974082947,0.2594185769557953,391.8339079916477
908,0.016410760581493378,0.2639566734433174,391.8339079916477
909,0.015746213495731354,0.27986622601747513,391.8339079916477
910,0.01476692408323288,0.2570568174123764,391.8339079916477
911,0.013827770948410034,0.22179442644119263,391.8339079916477
912,0.01832103729248047,0.35247501730918884,391.8339079916477
913,0.02526026964187622,0.6648481264710426,391.8339079916477
914,0.012705370783805847,0.23076490312814713,391.8339079916477
915,0.014925472438335419,0.27567049115896225,391.8339079916477
916,0.010902933776378632,0.17685578018426895,391.8339079916477
917,0.014390259981155396,0.27023281902074814,391.8339079916477
918,0.015159167349338531,0.2606714442372322,391.8339079916477
919,0.016008108854293823,0.30669835209846497,391.8339079916477
920,0.015492789447307587,0.26955972611904144,391.8339079916477
921,0.01678609848022461,0.33862774819135666,391.8339079916477
922,0.015701092779636383,0.2721892446279526,391.8339079916477
923,0.01584339141845703,0.28723708540201187,391.8339079916477
924,0.01769743114709854,0.3022323101758957,391.8339079916477
925,0.011836394667625427,0.20133526623249054,391.8339079916477
926,0.013501092791557312,0.24448275566101074,391.8339079916477
927,0.013429656624794006,0.23747991025447845,391.8339079916477
928,0.012363046407699585,0.2100636437535286,391.8339079916477
929,0.017096005380153656,0.49954238533973694,391.8339079916477
930,0.016465619206428528,0.2896989732980728,391.8339079916477
931,0.4689030051231384,0.316350094974041,391.8339079916477
932,0.01861049234867096,0.39078062027692795,391.8339079916477
933,0.017403647303581238,0.2967616394162178,391.8339079916477
934,0.015457689762115479,0.253230944275856,391.8339079916477
935,0.015164963901042938,0.2773158848285675,391.8339079916477
936,0.013875789940357208,0.21723101288080215,391.8339079916477
937,0.015035226941108704,0.27945809811353683,391.8339079916477
938,0.01814085990190506,0.3883809521794319,391.8339079916477
939,0.014743372797966003,0.24539557844400406,391.8339079916477
940,0.013115882873535156,0.20521890372037888,391.8339079916477
941,0.015371903777122498,0.29140444099903107,391.8339079916477
942,0.013519391417503357,0.24288120865821838,391.8339079916477
943,0.01820388436317444,0.3062521889805794,391.8339079916477
944,0.02247786521911621,0.2110954001545906,391.8339079916477
945,0.012276135385036469,0.2271389216184616,391.8339079916477
946,0.0187629833817482,0.3661653995513916,391.8339079916477
947,0.013307981193065643,0.25338214635849,391.8339079916477
948,0.013494804501533508,0.2524716258049011,391.8339079916477
949,0.013997212052345276,0.23929999023675919,391.8339079916477
950,0.023923099040985107,0.42890748381614685,391.8339079916477
951,0.015083454549312592,0.2522326484322548,391.8339079916477
952,0.015377074480056763,0.2699117884039879,391.8339079916477
953,0.017101816833019257,0.3633594959974289,391.8339079916477
954,0.013527721166610718,0.24596015363931656,391.8339079916477
955,0.0154590904712677,0.29473450779914856,391.8339079916477
956,0.01876075565814972,0.2656204029917717,391.8339079916477
957,0.015587367117404938,0.29566752165555954,391.8339079916477
958,0.01616920530796051,0.30778080224990845,391.8339079916477
959,0.013670094311237335,0.2263254150748253,391.8339079916477
960,0.019598327577114105,0.41309839487075806,391.8339079916477
961,0.016423329710960388,0.3068985119462013,391.8339079916477
962,0.015384688973426819,0.2630656585097313,391.8339079916477
963,0.015970684587955475,0.3012247160077095,391.8339079916477
964,0.015542849898338318,0.3016757667064667,391.8339079916477
965,0.014847122132778168,0.24766237288713455,391.8339079916477
966,0.014307588338851929,0.2524125501513481,391.8339079916477
967,0.03145550936460495,0.2920887693762779,391.8339079916477
968,0.016889743506908417,0.3140949383378029,391.8339079916477
969,0.016130901873111725,0.3301042839884758,391.8339079916477
970,0.013833150267601013,0.22773627191781998,391.8339079916477
971,0.019602403044700623,0.38688521832227707,391.8339079916477
972,0.015654511749744415,0.29393991082906723,391.8339079916477
973,0.01683766394853592,0.34922849386930466,391.8339079916477
974,0.018866166472434998,0.4440523609519005,391.8339079916477
975,0.01508358120918274,0.26346658915281296,391.8339079916477
976,0.012672856450080872,0.21754010766744614,391.8339079916477
977,0.014684803783893585,0.27114643156528473,391.8339079916477
978,0.01801542192697525,0.3295450359582901,391.8339079916477
979,0.013751864433288574,0.21982035040855408,391.8339079916477
980,0.015622779726982117,0.2509099170565605,391.8339079916477
981,0.016787603497505188,0.2942131236195564,391.8339079916477
982,0.012629427015781403,0.21046674251556396,391.8339079916477
983,0.01530466228723526,0.24914084374904633,391.8339079916477
984,0.011908501386642456,0.177768312394619,391.8339079916477
985,0.015495263040065765,0.3540816903114319,391.8339079916477
986,0.015678606927394867,0.25840553641319275,391.8339079916477
987,0.016698740422725677,0.28349532186985016,391.8339079916477
988,0.012197695672512054,0.18964897841215134,391.8339079916477
989,0.016060277819633484,0.2695198282599449,391.8339079916477
990,0.01698828488588333,0.3261653184890747,391.8339079916477
991,0.014089018106460571,0.2572060525417328,391.8339079916477
992,0.012614168226718903,0.19325793534517288,391.8339079916477
993,0.01688411831855774,0.3378467634320259,391.8339079916477
994,0.01826345920562744,0.4001924395561218,391.8339079916477
995,0.014125287532806396,0.2477145791053772,391.8339079916477
996,0.015745528042316437,0.2924736216664314,391.8339079916477
997,0.012124553322792053,0.21013732999563217,391.8339079916477
998,0.021480269730091095,0.48411577194929123,391.8339079916477
999,0.011916905641555786,0.19373490661382675,391.8339079916477
1000,0.015459589660167694,0.2921598553657532,391.8339079916477
1001,0.020725660026073456,0.4539758339524269,391.8339079916477
1002,0.01712927222251892,0.31167853623628616,391.8339079916477
1003,0.019236646592617035,0.4037602096796036,391.8339079916477
1004,0.01415521651506424,0.24638137221336365,391.8339079916477
1005,0.013038016855716705,0.22646481543779373,391.8339079916477
1006,0.018625006079673767,0.4063500016927719,391.8339079916477
1007,0.23691554367542267,0.28807541728019714,391.8339079916477
1008,0.016632184386253357,0.3095734491944313,391.8339079916477
1009,0.014448441565036774,0.25297190994024277,391.8339079916477
1010,0.025304682552814484,0.21505185216665268,391.8339079916477
1011,0.02625328302383423,0.32277360558509827,391.8339079916477
1012,0.014472998678684235,0.25870244204998016,391.8339079916477
1013,0.019886694848537445,0.43557290732860565,391.8339079916477
1014,0.018613316118717194,0.37742961943149567,391.8339079916477
1015,0.010344929993152618,0.1473015397787094,391.8339079916477
1016,0.015212669968605042,0.2858169972896576,391.8339079916477
1017,0.016850128769874573,0.3419767990708351,391.8339079916477
1018,0.01851942390203476,0.39611034095287323,391.8339079916477
1019,0.015377074480056763,0.28345945477485657,391.8339079916477
1020,0.014998845756053925,0.2982242926955223,391.8339079916477
1021,0.015403717756271362,0.2876291200518608,391.8339079916477
1022,0.015179313719272614,0.26040977984666824,391.8339079916477
1023,0.014925658702850342,0.26860932260751724,391.8339079916477
1024,0.02438199520111084,0.5739956274628639,391.8339079916477
1025,0.012478955090045929,0.1932506412267685,391.8339079916477
1026,0.015546776354312897,0.320473313331604,391.8339079916477
1027,0.019149601459503174,0.3953092247247696,391.8339079916477
1028,0.018620997667312622,0.45398078858852386,391.8339079916477
1029,0.01650533825159073,0.4458310678601265,391.8339079916477
1030,0.013616234064102173,0.24803294241428375,391.8339079916477
1031,0.016994625329971313,0.3474923446774483,391.8339079916477
1032,0.011117398738861084,0.22085531800985336,391.8339079916477
1033,0.013614609837532043,0.23554449528455734,391.8339079916477
1034,0.013088680803775787,0.22507236897945404,391.8339079916477
1035,0.01786711812019348,0.36408429592847824,391.8339079916477
1036,0.015527136623859406,0.2797364443540573,391.8339079916477
1037,0.014795579016208649,0.2266208976507187,391.8339079916477
1038,0.017292186617851257,0.34390462934970856,391.8339079916477
1039,0.018111199140548706,0.35009320825338364,391.8339079916477
1040,0.011703252792358398,0.20691822469234467,391.8339079916477
1041,0.013892576098442078,0.2190273478627205,391.8339079916477
1042,0.017145246267318726,0.31800852715969086,391.8339079916477
1043,0.01558605581521988,0.23489713668823242,391.8339079916477
1044,0.017330385744571686,0.3779395669698715,391.8339079916477
1045,0.02137441188097,0.46476516872644424,391.8339079916477
1046,0.014759272336959839,0.2605896145105362,391.8339079916477
1047,0.014720454812049866,0.24376064538955688,391.8339079916477
1048,0.01833716779947281,0.31409988552331924,391.8339079916477
1049,0.020453698933124542,0.3776174709200859,391.8339079916477
1050,0.015069514513015747,0.28166481107473373,391.8339079916477
1051,0.01507299393415451,0.35876041650772095,391.8339079916477
1052,0.034358322620391846,0.3260083943605423,391.8339079916477
1053,0.016742877662181854,0.32666177302598953,391.8339079916477
1054,0.013094112277030945,0.20948468893766403,391.8339079916477
1055,0.013084977865219116,0.22191482782363892,391.8339079916477
1056,0.012929394841194153,0.2111906111240387,391.8339079916477
1057,0.016281940042972565,0.3093325048685074,391.8339079916477
1058,0.01633410155773163,0.286349356174469,391.8339079916477
1059,0.013025648891925812,0.22416409850120544,391.8339079916477
1060,0.028560325503349304,0.2707424759864807,391.8339079916477
1061,0.03198496997356415,0.4173445701599121,391.8339079916477
1062,0.017764918506145477,0.3302142918109894,391.8339079916477
1063,0.01582784205675125,0.281156487762928,391.8339079916477
1064,0.024677127599716187,0.6040152832865715,391.8339079916477
1065,0.017813265323638916,0.3534570410847664,391.8339079916477
1066,0.015945784747600555,0.30904968827962875,391.8339079916477
1067,0.01441674679517746,0.2726595476269722,391.8339079916477
1068,0.01521097868680954,0.29538100212812424,391.8339079916477
1069,0.014035306870937347,0.22940807789564133,391.8339079916477
1070,0.015581540763378143,0.30202481895685196,391.8339079916477
1071,0.017040826380252838,0.31689567118883133,391.8339079916477
1072,0.021263502538204193,0.46238455921411514,391.8339079916477
1073,0.017091229557991028,0.3403140679001808,391.8339079916477
1074,0.012368150055408478,0.21668758988380432,391.8339079916477
1075,0.01814620941877365,0.31159062683582306,391.8339079916477
1076,0.015683084726333618,0.2823544517159462,391.8339079916477
1077,0.018439143896102905,0.37573353946208954,391.8339079916477
1078,0.018550418317317963,0.33158455044031143,391.8339079916477
1079,0.018739856779575348,0.3920822888612747,391.8339079916477
1080,0.015611931681632996,0.30552617460489273,391.8339079916477
1081,0.017450667917728424,0.30360664427280426,391.8339079916477
1082,0.017284534871578217,0.3605445548892021,391.8339079916477
1083,0.016593635082244873,0.3296794593334198,391.8339079916477
1084,0.014784812927246094,0.25775331258773804,391.8339079916477
1085,0.01630798727273941,0.32261375337839127,391.8339079916477
1086,0.01556532084941864,0.2579473853111267,391.8339079916477
1087,0.015198156237602234,0.28346771746873856,391.8339079916477
1088,0.012604139745235443,0.2207106575369835,391.8339079916477
1089,0.016719594597816467,0.32332052290439606,391.8339079916477
1090,0.24229992926120758,0.24480396509170532,391.8339079916477
1091,0.01986899971961975,0.4380587935447693,391.8339079916477
1092,0.01738607883453369,0.38014255464076996,391.8339079916477
1093,0.020039372146129608,0.323087215423584,391.8339079916477
1094,0.01346464455127716,0.2245025336742401,391.8339079916477
1095,0.014055304229259491,0.2602110654115677,391.8339079916477
1096,0.020027384161949158,0.420617900788784,391.8339079916477
1097,0.014112778007984161,0.27540281414985657,391.8339079916477
1098,0.015589237213134766,0.25615406036376953,391.8339079916477
1099,0.01327420026063919,0.2260856330394745,391.8339079916477
1100,0.012301236391067505,0.21010590344667435,391.8339079916477
1101,0.018000900745391846,0.368146650493145,391.8339079916477
1102,0.015684381127357483,0.2878768593072891,391.8339079916477
1103,0.011962257325649261,0.20258848369121552,391.8339079916477
1104,0.012339331209659576,0.20816665887832642,391.8339079916477
1105,0.017052799463272095,0.3643142282962799,391.8339079916477
1106,0.0117989182472229,0.21134258061647415,391.8339079916477
1107,0.0108412504196167,0.18815577775239944,391.8339079916477
1108,0.014738239347934723,0.26248109340667725,391.8339079916477
1109,0.01539948582649231,0.300601601600647,391.8339079916477
1110,0.01430673897266388,0.24804727733135223,391.8339079916477
1111,0.015762269496917725,0.28221001476049423,391.8339079916477
1112,0.018016934394836426,0.3429929092526436,391.8339079916477
1113,0.015306159853935242,0.27745264023542404,391.8339079916477
1114,0.017302341759204865,0.36593348532915115,391.8339079916477
1115,0.017097853124141693,0.3382583111524582,391.8339079916477
1116,0.016156643629074097,0.2907431274652481,391.8339079916477
1117,0.016312219202518463,0.2694368362426758,391.8339079916477
1118,0.016735799610614777,0.2931571677327156,391.8339079916477
1119,0.016577020287513733,0.35108789056539536,391.8339079916477
1120,0.014269858598709106,0.26377879083156586,391.8339079916477
1121,0.011748820543289185,0.1936185657978058,391.8339079916477
1122,0.01638176292181015,0.36632562428712845,391.8339079916477
1123,0.013511009514331818,0.23154283314943314,391.8339079916477
1124,0.014878347516059875,0.25325576961040497,391.8339079916477
1125,0.01437772810459137,0.2651420533657074,391.8339079916477
1126,0.015616312623023987,0.28644615411758423,391.8339079916477
1127,0.011270493268966675,0.18489088118076324,391.8339079916477
1128,0.013506829738616943,0.21103767305612564,391.8339079916477
1129,0.017392180860042572,0.3160936310887337,391.8339079916477
1130,0.0152055025100708,0.28726038336753845,391.8339079916477
1131,0.013897933065891266,0.24325869232416153,391.8339079916477
1132,0.015610888600349426,0.28940391540527344,391.8339079916477
1133,0.01724349707365036,0.35662492364645004,391.8339079916477
1134,0.015770815312862396,0.29649926722049713,391.8339079916477
1135,0.016437232494354248,0.2838464677333832,391.8339079916477
1136,0.01457299292087555,0.3031523525714874,391.8339079916477
1137,0.015191338956356049,0.2830546721816063,391.8339079916477
1138,0.012591063976287842,0.22896845638751984,391.8339079916477
1139,0.015291973948478699,0.2727304622530937,391.8339079916477
1140,0.013578236103057861,0.2068149298429489,391.8339079916477
1141,0.015077516436576843,0.30237655341625214,391.8339079916477
1142,0.012249574065208435,0.20379836857318878,391.8339079916477
1143,0.012568376958370209,0.21879875659942627,391.8339079916477
1144,0.014785192906856537,0.2647033929824829,391.8339079916477
1145,0.013489186763763428,0.2623004764318466,391.8339079916477
1146,0.014966100454330444,0.2625049203634262,391.8339079916477
1147,0.013531304895877838,0.2461341843008995,391.8339079916477
1148,0.012299709022045135,0.206506609916687,391.8339079916477
1149,0.01662071794271469,0.3257233574986458,391.8339079916477
1150,0.016377396881580353,0.3176843225955963,391.8339079916477
1151,0.013161972165107727,0.21056456118822098,391.8339079916477
1152,0.014280043542385101,0.21758612245321274,391.8339079916477
1153,0.015242651104927063,0.2773655354976654,391.8339079916477
1154,0.014536544680595398,0.25763314217329025,391.8339079916477
1155,0.01634509116411209,0.345717191696167,391.8339079916477
1156,0.01584669202566147,0.2728469520807266,391.8339079916477
1157,0.015641793608665466,0.29949290305376053,391.8339079916477
1158,0.014383107423782349,0.258438877761364,391.8339079916477
1159,0.013992749154567719,0.24877812713384628,391.8339079916477
1160,0.01542605459690094,0.29471590369939804,391.8339079916477
1161,0.018195293843746185,0.3434540703892708,391.8339079916477
1162,0.015091724693775177,0.2803361639380455,391.8339079916477
1163,0.015160433948040009,0.27728431671857834,391.8339079916477
1164,0.014844469726085663,0.22404617071151733,391.8339079916477
1165,0.014866873621940613,0.2598484233021736,391.8339079916477
1166,0.014708563685417175,0.2279883623123169,391.8339079916477
1167,0.015676066279411316,0.26097409427165985,391.8339079916477
1168,0.015017785131931305,0.27256428450345993,391.8339079916477
1169,0.015303842723369598,0.2905295714735985,391.8339079916477
1170,0.015871509909629822,0.2857505977153778,391.8339079916477
1171,0.01324513554573059,0.21746140718460083,391.8339079916477
1172,0.015195533633232117,0.2675731033086777,391.8339079916477
1173,0.01570800691843033,0.2666214033961296,391.8339079916477
1174,0.0175120010972023,0.3208269029855728,391.8339079916477
1175,0.016457803547382355,0.32198481261730194,391.8339079916477
1176,0.014613613486289978,0.2765840217471123,391.8339079916477
1177,0.013668939471244812,0.2668900489807129,391.8339079916477
1178,0.015554629266262054,0.2833193466067314,391.8339079916477
1179,0.24604185670614243,0.2840743288397789,391.8339079916477
1180,0.01574956625699997,0.24984541535377502,391.8339079916477
1181,0.012632779777050018,0.21209914237260818,391.8339079916477
1182,0.017452381551265717,0.33574362844228745,391.8339079916477
1183,0.029652468860149384,0.29528000205755234,391.8339079916477
1184,0.020410805940628052,0.30955948680639267,391.8339079916477
1185,0.01702231913805008,0.3202531337738037,391.8339079916477
1186,0.017416678369045258,0.2703053876757622,391.8339079916477
1187,0.01813158392906189,0.3455478250980377,391.8339079916477
1188,0.012631155550479889,0.21103748679161072,391.8339079916477
1189,0.018230557441711426,0.3518546149134636,391.8339079916477
1190,0.0157465860247612,0.28064508736133575,391.8339079916477
1191,0.016318075358867645,0.3099921867251396,391.8339079916477
1192,0.014672897756099701,0.2513559013605118,391.8339079916477
1193,0.013182513415813446,0.23095257580280304,391.8339079916477
1194,0.019407004117965698,0.3956815004348755,391.8339079916477
1195,0.014078348875045776,0.2668023332953453,391.8339079916477
1196,0.014861173927783966,0.27840470522642136,391.8339079916477
1197,0.01583811640739441,0.2881764695048332,391.8339079916477
1198,0.013657331466674805,0.23516982048749924,391.8339079916477
1199,0.014333993196487427,0.24976424872875214,391.8339079916477
1200,0.015349410474300385,0.29593923687934875,391.8339079916477
1201,0.010500110685825348,0.20435462146997452,391.8339079916477
1202,0.016641855239868164,0.32336339354515076,391.8339079916477
1203,0.015813156962394714,0.2914798930287361,391.8339079916477
1204,0.01622580736875534,0.26880040764808655,391.8339079916477
1205,0.023602209985256195,0.19629625231027603,391.8339079916477
1206,0.01576751470565796,0.2937348559498787,391.8339079916477
1207,0.01370856910943985,0.2228807806968689,391.8339079916477
1208,0.017483562231063843,0.35347751528024673,391.8339079916477
1209,0.01640360802412033,0.3301706910133362,391.8339079916477
1210,0.01610894501209259,0.3320821076631546,391.8339079916477
1211,0.013165012001991272,0.2474210411310196,391.8339079916477
1212,0.014893054962158203,0.249515138566494,391.8339079916477
1213,0.015347130596637726,0.3140120878815651,391.8339079916477
1214,0.015430517494678497,0.26567935198545456,391.8339079916477
1215,0.019160956144332886,0.37309352308511734,391.8339079916477
1216,0.016234800219535828,0.30060990899801254,391.8339079916477
1217,0.013913661241531372,0.23377858847379684,391.8339079916477
1218,0.014051392674446106,0.24147974699735641,391.8339079916477
1219,0.012796632945537567,0.21273962408304214,391.8339079916477
1220,0.01887541264295578,0.3525534123182297,391.8339079916477
1221,0.011169001460075378,0.19098998606204987,391.8339079916477
1222,0.015149243175983429,0.2635519802570343,391.8339079916477
1223,0.011304058134555817,0.19215815514326096,391.8339079916477
1224,0.017270565032958984,0.35173794627189636,391.8339079916477
1225,0.015530124306678772,0.28330613672733307,391.8339079916477
1226,0.015433833003044128,0.2716675475239754,391.8339079916477
1227,0.014566920697689056,0.24065504223108292,391.8339079916477
1228,0.016440317034721375,0.2816615030169487,391.8339079916477
1229,0.01645953208208084,0.3411117047071457,391.8339079916477
1230,0.043963827192783356,1.3603520095348358,391.8339079916477
1231,0.012968964874744415,0.2083970606327057,391.8339079916477
1232,0.014137208461761475,0.2367265298962593,391.8339079916477
1233,0.017240919172763824,0.3107360005378723,391.8339079916477
1234,0.015920139849185944,0.3217158913612366,391.8339079916477
1235,0.01579241454601288,0.2905230075120926,391.8339079916477
1236,0.017059408128261566,0.3242008164525032,391.8339079916477
1237,0.015715323388576508,0.29950957745313644,391.8339079916477
1238,0.019574128091335297,0.46113452315330505,391.8339079916477
1239,0.016377374529838562,0.3329203352332115,391.8339079916477
1240,0.014223560690879822,0.2754128947854042,391.8339079916477
1241,0.012508727610111237,0.19487548619508743,391.8339079916477
1242,0.02032650262117386,0.4791233092546463,391.8339079916477
1243,0.018337011337280273,0.35932835936546326,391.8339079916477
1244,0.015281707048416138,0.23126624524593353,391.8339079916477
1245,0.016574151813983917,0.30423106998205185,391.8339079916477
1246,0.045820869505405426,0.7719967439770699,391.8339079916477
1247,0.01791435480117798,0.31001056730747223,391.8339079916477
1248,0.02068394422531128,0.44353584200143814,391.8339079916477
1249,0.013296134769916534,0.2545783147215843,391.8339079916477
1250,0.0173051655292511,0.3435470759868622,391.8339079916477
1251,0.01828397810459137,0.3908035010099411,391.8339079916477
1252,0.01405683159828186,0.24280210584402084,391.8339079916477
1253,0.013841524720191956,0.24502097070217133,391.8339079916477
1254,0.014231212437152863,0.22564899921417236,391.8339079916477
1255,0.013740427792072296,0.23861828446388245,391.8339079916477
1256,0.01870475709438324,0.3526889756321907,391.8339079916477
1257,0.013909533619880676,0.17715954780578613,391.8339079916477
1258,0.016357459127902985,0.34575382620096207,391.8339079916477
1259,0.013901866972446442,0.24599776417016983,391.8339079916477
1260,0.04124654084444046,0.8381219506263733,391.8339079916477
1261,0.014672815799713135,0.2696887329220772,391.8339079916477
1262,0.012872986495494843,0.2135888859629631,391.8339079916477
1263,0.0174187570810318,0.3262938857078552,391.8339079916477
1264,0.24925434589385986,0.20413300395011902,391.8339079916477
1265,0.012924529612064362,0.22381630539894104,391.8339079916477
1266,0.012306377291679382,0.21202602237462997,391.8339079916477
1267,0.018144533038139343,0.36428340524435043,391.8339079916477
1268,0.02178807556629181,0.5134126991033554,391.8339079916477
1269,0.02233017235994339,0.5601165220141411,391.8339079916477
1270,0.01424863189458847,0.27133799344301224,391.8339079916477
1271,0.013957925140857697,0.2832554578781128,391.8339079916477
1272,0.0109834223985672,0.2123568058013916,391.8339079916477
